28,4
28,3
37,35
26,4
26,1
26,3
25,4
25,1
25,3
3,2
3,1
3,3
10,134
10,192
10,298
10,172
10,190
10,96
10,146
10,1
10,132
10,2
10,3
11,4
11,9
11,26
11,8
11,5
11,30
11,22
11,1
11,29
11,2
11,3
9,7
9,4
9,1
9,6
9,2
9,3
8,12
8,8
8,15
8,4
8,1
8,10
8,2
8,3
12,2
12,1
12,3
20,2
20,1
20,3
19,2
19,1
19,3
36,7
36,6
36,5
36,4
36,3
36,2
36,1
18,1
36,0
35,5
35,4
35,3
35,2
18,3
35,1
35,0
34,15
34,14
34,13
34,12
34,11
34,10
34,9
34,8
34,7
34,6
34,5
14,3
34,4
34,3
34,2
34,1
13,1
34,0
33,4
33,3
13,3
33,2
33,1
33,0
32,8
32,7
32,6
32,5
32,4
32,3
32,2
32,1
32,0
31,5
31,4
31,3
31,2
31,1
